0
0
0
0
0
0
0
0
0
0
0
0
0
0
0
0
0
0
0
0
0
0
0
0
0
0
0
0
0
0
0
0
0
0
0
0
0
0
0
0
0
0
0
0
0
0
0
0
0
0
0
0
0
0
0
0
0
0
0
0
0
0
0
0
0
0
0
0
20
0
40
0
60
0
80
0
100
0
120
0
140
0
160
0
180
0
200
0
220
20
240
40
260
60
280
80
300
100
320
120
340
140
340
160
340
180
340
200
340
220
340
240
340
260
340
280
340
300
340
320
340
340
340
340
340
340
340
340
340
340
340
340
340
340
340
340
340
340
340
340
340
340
360
340
380
340
400
340
420
340
440
340
460
340
480
340
500
340
520
340
540
340
560
340
580
340
600
340
620
340
640
340
660
320
680
300
700
280
700
260
700
240
700
220
700
200
700
180
700
180
700
180
700
180
700
180
700
180
700
180
700
180
700
180
700
180
700
180
700
180
700
180
700
180
700
180
700
180
700
180
700
180
700
180
700
180
700
180
700
180
700
180
700
180
700
180
700
180
700
180
700
180
700
180
700
180
700
180
700
180
700
180
700
180
700
180
700
180
700
180
700
180
700
180
700
180
700
180
700
180
700
180
700
180
700
180
700
180
700
180
700
180
700
180
700
180
700
180
700
180
700
180
700
180
700
180
700
180
700
180
700
180
700
180
700
180
700
180
700
180
700
180
700
180
700
180
700
180
700
180
700
180
700
180
700
180
700
180
700
180
680
180
660
180
640
180
620
180
600
180
600
180
600
180
600
180
600
180
600
180
600
180
600
180
600
180
600
180
600
180
600
180
600
180
600
180
600
180
600
180
600
180
600
180
600
180
580
180
560
180
540
180
520
180
500
180
480
180
460
180
440
180
420
180
400
180
400
180
400
180
400
180
400
180
400
180
400
180
400
180
400
200
400
220
400
240
400
260
400
280
400
300
400
320
400
340
400
360
400
380
400
400
400
420
400
440
400
460
400
460
400
460
400
460
400
460
400
460
400
460
400
460
380
460
360
460
340
460
320
460
300
460
280
460
260
460
240
440
220
420
200
400
180
380
160
360
160
340
160
320
160
300
160
280
160
260
160
240
160
220
160
200
160
180
160
160
160
160
160
160
160
160
160
160
160
160
160
160
160
160
160
160
160
160
160
160
160
160
160
160
160
160
160
160
160
160
160
160
160
160
160
160
160
160
160
160
160
160
160
160
140
160
120
160
100
160
80
160
60
160
40
160
20
160
0
160
0
160
0
160
0
160
0
160
0
160
0
160
0
160
0
140
0
120
0
100
0
80
0
60
0
60
0
60
0
60
0
60
0
60
0
60
0
60
0
60
0
60
0
60
0
60
0
60
0
60
0
60
0
60
0
60
0
60
0
60
0
60
0
60
0
60
0
60
0
60
0
60
0
60
0
60
0
60
0
60
0
60
0
60
0
60
0
80
0
100
0
120
0
140
0
160
0
180
0
200
0
220
0
240
0
260
0
280
0
300
0
320
0
340
0
360
0
380
0
400
0
420
0
440
0
460
0
480
0
500
0
520
0
540
0
560
0
580
0
600
0
620
0
640
0
660
0
680
0
700
0
720
0
740
0
760
0
780
0
800
0
820
20
840
40
860
60
860
80
860
100
860
120
860
140
860
160
860
180
860
200
860
220
860
240
860
260
860
280
860
300
860
320
860
340
860
360
860
380
860
380
860
380
860
380
860
380
860
380
860
380
860
380
860
380
860
380
860
380
880
380
900
380
920
380
940
380
960
380
980
380
1000
380
1020
380
1040
380
1060
380
1080
380
1100
380
1120
380
1140
380
1160
380
1180
380
1200
380
1220
380
1240
380
1240
380
1240
380
1240
380
1240
380
1240
380
1240
380
1240
380
1240
380
1240
380
1240
380
1240
380
1240
380
1240
380
1240
380
1240
380
1240
380
1240
380
1240
380
1240
380
1240
380
1240
360
1240
340
1240
320
1240
300
1240
280
1240
260
1240
240
1240
220
1240
200
1240
180
1260
160
1280
160
1300
160
1320
160
1340
160
1360
160
1380
160
1400
160
1420
160
1440
160
1460
160
1480
160
1500
160
1520
160
1540
160
1560
160
1580
160
1600
180
1620
200
1640
220
1660
240
1680
260
1680
280
1680
300
1680
320
1680
340
1680
360
1680
380
1680
400
1680
420
1680
440
1680
460
1680
480
1680
500
1680
520
1680
540
1680
560
1680
580
1680
600
1680
620
1680
640
1680
660
1680
680
1680
700
1680
720
1680
740
1680
760
1680
780
1680
800
1680
820
1680
840
1660
860
1640
880
1620
900
1600
920
1580
940
1560
960
1540
980
1520
1000
1500
1020
1480
1040
1460
1060
1440
1080
1420
1100
1400
1120
1380
1140
1360
1160
1340
1180
1340
1200
1340
1220
1340
1240
1340
1260
1340
1280
1340
1300
1340
1320
1340
1340
1340
1360
1340
1380
1340
1400
1340
1420
1340
1440
1340
1460
1340
1480
1340
1500
1340
1520
1340
1540
1340
1560
1340
1580
1340
1600
1340
1620
1340
1640
1340
1660
1340
1680
1340
1700
1340
1720
1340
1740
1340
1760
1340
1780
1340
1800
1340
1820
1340
1840
1340
1860
1340
1880
1340
1900
1340
1920
1340
1940
1340
1960
1340
1980
1340
2000
1340
2020
1340
2040
1340
2060
1340
2080
1340
2080
1340
2080
1340
2080
1340
2080
1340
2080
1340
2080
1340
2080
1340
2080
1340
2080
1340
2080
1340
2080
1340
2080
1340
2080
1340
2080
1340
2080
1340
2100
1340
2120
1340
2140
1340
2160
1340
2180
1340
2200
1340
2220
1340
2240
1340
2260
1340
2280
1340
2300
1340
2320
1340
2340
1340
2360
1340
2380
1340
2400
1340
2420
1340
2440
1340
2460
1340
2480
1340
2500
1340
2520
1340
2520
1340
2520
1340
2520
1340
2520
1340
2520
1340
2520
1340
2520
1340
2520
1340
2520
1340
2520
1340
2540
1340
2560
1340
2580
1340
2600
1340
2620
1340
2640
1340
2660
1340
2680
1340
2700
1340
2720
1340
2740
1340
2760
1340
2760
1340
2760
1340
2760
1340
2760
1340
2760
1340
2760
1340
2760
1340
2760
1340
2760
1320
2760
1300
2760
1280
2760
1260
2760
1240
2760
1220
2760
1200
2760
1180
2760
1160
2760
1140
2760
1120
2760
1100
2760
1080
2760
1060
2760
1040
2760
1020
2760
1000
2760
980
2760
960
2740
940
2720
920
2700
900
2680
880
2660
860
2640
840
2620
820
2600
800
2580
780
2560
760
2540
740
2520
720
2500
700
2500
680
2500
660
2500
640
2500
620
2500
600
2500
580
2500
560
2500
540
2500
520
2500
500
2500
480
2500
460
2500
440
2500
420
2500
400
2500
380
2500
360
2500
340
2500
320
2500
320
2500
320
2500
320
2500
320
2500
320
2500
320
2500
320
2500
320
2500
320
2500
320
2500
320
2500
320
2500
320
2500
300
2500
280
2500
260
2500
240
2500
220
2500
200
2500
180
2500
160
2500
140
2500
120
2500
100
2500
80
2500
60
2500
40
2500
20
2500
0
2500
-20
2500
-40
2500
-60
2500
-60
2500
-60
2500
-60
2500
-60
2500
-60
2500
-60
2500
-60
2500
-60
2500
-60
2500
-60
2500
-60
2480
-60
2460
-60
2440
-60
2420
-60
2400
-60
2380
-60
2360
-60
2340
-60
2320
-60
2300
-60
2280
-60
2260
-60
2240
-60
2220
-40
2200
-20
2180
0
2180
20
2180
40
2180
60
2180
80
2180
100
2180
120
2180
140
2180
160
2180
180
2180
200
2180
220
2180
240
2180
240
2180
240
2180
240
2180
240
2180
240
2180
240
2180
240
2180
240
2160
240
2140
240
2120
240
2100
240
2080
240
2060
240
2040
240
2020
240
2000
240
1980
240
1960
240
1940
240
1920
240
1900
240
1880
240
1860
240
1840
240
1820
240
1800
240
1780
240
1760
240
1740
240
1720
240
1700
240
1680
240
1660
240
1640
240
1620
240
1600
240
1580
240
1560
240
1540
240
1520
240
1500
240
1480
240
1460
240
1440
240
1440
240
1440
240
1440
240
1440
240
1440
240
1440
240
1440
240
1440
240
1440
240
1440
240
1440
240
1440
240
1440
240
1440
240
1440
240
1440
220
1440
200
1440
180
1440
160
1440
140
1440
120
1440
100
1440
80
1440
60
1440
40
1440
20
1440
0
1440
0
1440
0
1440
0
1440
0
1440
0
1440
0
1440
0
1440
0
1440
0
1440
0
1440
0
1440
0
1440
0
1440
0
1440
0
1440
0
1440
0
1440
0
1440
0
1440
0
1440
0
1440
0
1440
0
1440
0
1440
0
1440
0
1440
0
1440
0
1440
0
1440
0
1440
0
1420
0
1400
0
1380
0
1360
0
1340
0
1320
0
1300
0
1280
0
1260
0
1240
0
1220
0
1200
0
1180
0
1160
0
1140
0
1120
0
1100
0
1080
0
1060
0
1040
0
1020
0
1000
0
980
20
960
40
940
60
920
80
900
100
880
120
860
140
840
160
840
180
840
200
840
220
840
240
840
260
840
280
840
280
840
280
840
280
840
280
840
280
840
280
840
280
840
280
840
280
840
280
840
280
840
280
840
280
840
280
840
280
840
280
840
280
840
300
840
320
840
340
840
360
840
380
840
400
840
420
840
440
840
460
840
480
840
500
840
520
840
540
840
560
840
580
840
600
840
620
840
640
840
640
840
640
840
640
840
640
840
640
840
640
840
640
840
640
840
640
840
640
840
640
840
660
840
680
840
700
840
720
840
740
840
760
840
780
840
800
840
820
840
840
840
860
840
880
840
900
840
920
860
940
880
960
900
960
920
960
940
960
960
960
980
960
1000
960
1020
960
1040
960
1060
960
1080
960
1100
960
1120
960
1140
960
1160
960
1180
960
1200
960
1220
960
1240
960
1260
960
1280
960
1300
960
1320
960
1340
960
1360
960
1380
960
1400
960
1420
960
1420
960
1420
960
1420
980
1420
1000
1420
1020
1420
1040
1420
1060
1420
1080
1420
1100
1420
1120
1420
1120
1420
1120
1420
1120
1420
1120
1420
1120
1420
1120
1420
1120
1420
1120
1420
1120
1420
1120
1420
1100
1420
1080
1420
1060
1420
1040
1420
1020
1420
1000
1420
980
1420
960
1420
940
1420
920
1420
900
1420
880
1420
860
1420
840
1420
820
1420
800
1420
780
1420
760
1420
760
1420
760
1420
760
1420
760
1420
760
1420
760
1420
760
1420
760
1420
760
1420
760
1420
760
1420
760
1420
760
1420
760
1420
760
1420
740
1420
720
1420
700
1420
680
1420
660
1420
640
1420
640
1420
640
1420
640
1420
640
1420
640
1420
640
1420
640
1420
640
1420
640
1420
640
1420
640
1420
640
1420
640
1420
640
1420
640
1420
640
1420
640
1420
640
1420
640
1420
640
1420
640
1420
640
1420
640
1420
640
1420
640
1420
640
1420
640
1420
640
1420
640
1420
640
1420
640
1420
640
1420
640
1420
640
1420
640
1440
640
1460
640
1480
640
1500
640
1520
640
1540
640
1560
640
1580
640
1580
640
1580
640
1580
640
1580
640
1580
640
1580
640
1580
640
1580
640
1580
640
1580
640
1580
640
1580
640
1580
640
1580
640
1580
640
1580
620
1580
600
1580
580
1580
560
1600
540
1620
520
1640
500
1660
500
1680
500
1700
480
1720
460
1740
440
1740
420
1740
400
1740
380
1740
360
1740
340
1740
320
1740
300
1740
280
1740
260
1740
240
1740
220
1740
200
1740
180
1740
180
1740
180
1740
180
1740
180
1740
180
1740
180
1740
180
1740
180
1740
180
1740
180
1740
180
1740
180
1740
180
1740
180
1740
180
1740
180
1740
180
1740
180
1740
180
1740
180
1740
180
1740
180
1740
180
1740
180
1740
180
1740
180
1740
180
1740
180
1740
180
1740
180
1740
180
1740
180
1740
180
1740
180
1760
180
1780
180
1800
180
1820
180
1840
180
1840
180
1840
180
1840
180
1840
180
1840
180
1840
180
1840
180
1840
180
1840
180
1840
180
1840
180
1840
180
1840
180
1840
180
1840
180
1840
180
1840
180
1840
180
1840
180
1840
180
1840
180
1840
180
1840
180
1840
180
1840
180
1840
180
1840
180
1840
180
1840
180
1840
180
1840
180
1840
180
1840
180
1840
180
1840
180
1840
180
1840
180
1840
180
1840
180
1840
180
1840
180
1820
180
1800
180
1780
180
1760
180
1740
180
1720
180
1700
180
1680
180
1660
180
1640
180
1620
180
1600
180
1600
180
1600
160
1600
140
1600
120
1600
100
1600
80
1600
60
1600
40
1600
40
1600
40
1600
40
1600
40
1600
40
1600
40
1600
40
1600
40
1600
40
1600
40
1600
60
1600
80
1600
100
1600
120
1600
140
1600
140
1600
140
1600
140
1600
140
1600
140
1600
140
1600
140
1600
140
1600
140
1600
140
1600
140
1600
140
1600
160
1600
180
1600
200
1600
220
1600
240
1013
797
1013
797
1013
797
1013
797
1013
797
1013
797
1013
797
993
797
973
797
953
797
933
797
913
797
913
797
913
797
913
797
913
797
913
797
913
797
913
797
913
797
913
797
913
797
913
797
913
797
913
797
913
797
913
797
913
797
913
797
913
797
913
797
913
797
913
797
913
797
913
797
913
797
913
797
913
797
913
797
913
797
913
797
913
797
913
797
913
797
913
797
913
797
913
797
913
797
913
797
913
797
913
797
913
797
913
797
913
777
913
757
913
737
913
717
913
717
913
717
913
717
913
717
913
717
913
717
913
717
913
717
913
717
913
717
913
717
913
717
913
717
913
717
913
717
913
717
913
717
913
717
913
717
913
717
913
717
913
717
913
717
913
717
913
717
913
717
913
717
913
717
933
717
953
717
973
717
993
717
1013
717
1033
717
1053
717
1073
717
1093
717
1113
717
1133
717
1153
717
1173
717
1193
717
1213
717
1233
717
1253
717
1273
717
1293
717
1313
717
1333
717
1353
717
1373
717
1393
717
1413
717
1433
717
1453
717
1473
717
1493
717
1513
717
1533
717
1553
717
1573
717
1573
717
1573
717
1573
717
1593
717
1613
717
1633
717
1633
717
1633
717
1633
717
1633
717
1633
717
1633
717
1633
717
1633
697
1633
677
1633
657
1633
637
1633
617
1633
597
1633
597
1633
597
1633
597
1633
597
1633
597
1633
597
1633
597
1633
597
1653
597
1673
597
1693
597
1713
597
1733
597
1753
597
1773
597
1793
597
1813
597
1813
597
1813
597
1813
597
1813
597
1813
597
1813
597
1813
597
1813
597
1813
597
1813
577
1813
557
1813
537
1813
517
1813
497
1813
477
1813
457
1813
437
1813
417
1813
397
1813
377
1813
357
1813
337
1793
317
1773
297
1753
277
1733
277
1713
277
1693
277
1673
277
1653
277
1633
277
1613
277
1593
277
1573
277
1573
277
1573
277
1573
277
1573
277
1573
277
1573
277
1573
277
1573
277
1573
277
1573
277
1573
277
1573
277
1573
277
1573
277
1573
277
1573
277
1573
277
1573
277
1573
277
1573
277
1573
277
1573
277
1573
277
1573
277
1573
277
1573
277
1573
277
1573
277
1573
277
1573
277
1573
277
1573
277
1553
277
1533
277
1513
277
1493
277
1473
277
1453
277
1433
277
1433
277
1433
277
1433
277
1433
277
1433
277
1433
277
1433
277
1433
277
1433
277
1433
277
1433
277
1433
277
1433
277
1433
277
1433
277
1433
277
1433
277
1433
277
1433
277
1433
277
1433
277
1433
277
1433
277
1433
277
1433
277
1433
277
1433
277
1433
277
1433
277
1433
277
1433
277
1433
277
1433
277
1433
277
1433
277
1433
277
1433
277
1433
277
1433
277
1433
277
1433
277
1433
277
1433
277
1433
277
1433
277
1433
277
1433
277
1433
277
1433
257
1433
237
1433
217
1433
197
1433
177
1433
157
1433
137
1433
137
1433
137
1433
137
1433
137
1433
137
1433
137
1433
137
1433
137
1433
137
1433
137
1433
137
1433
137
1433
137
1433
137
1433
137
1433
137
1433
137
1413
137
1393
137
1373
137
1353
137
1333
137
1313
137
1293
137
1273
137
1253
137
1233
137
1213
137
1193
137
1173
137
1153
137
1133
137
1113
137
1093
137
1073
137
1053
137
1033
137
1013
137
993
137
973
137
953
137
933
137
913
137
893
137
873
137
853
137
833
137
813
137
793
137
773
137
753
137
733
137
713
137
693
137
673
137
653
137
653
137
653
137
653
137
653
137
653
137
653
137
653
137
653
137
653
137
653
137
653
137
653
137
653
137
653
137
653
137
653
137
653
137
653
137
653
137
653
137
653
137
653
137
653
137
653
137
633
137
613
137
593
137
573
137
553
137
533
137
533
137
533
137
533
137
533
137
533
137
533
137
533
137
533
137
533
137
533
137
533
137
533
137
533
137
533
137
533
137
533
137
533
137
533
137
533
137
533
137
533
137
533
137
533
137
533
137
533
137
533
137
533
137
533
137
533
137
533
137
533
137
533
137
533
137
533
137
533
137
533
137
533
137
533
137
533
157
533
177
533
197
533
217
533
237
533
257
533
257
533
257
533
257
533
257
533
257
533
257
533
257
533
257
533
257
533
257
533
257
533
257
533
257
533
257
533
257
533
257
533
257
533
257
533
257
533
257
533
257
533
257
533
257
533
257
533
257
533
257
533
257
533
257
533
257
533
257
533
257
533
257
533
257
533
257
533
257
533
257
533
257
533
257
533
257
533
257
533
257
533
257
533
257
533
257
533
257
533
257
533
257
533
277
533
297
533
317
533
337
533
357
533
377
533
397
533
417
533
437
533
457
533
477
533
497
533
517
533
537
533
557
533
577
533
597
533
617
533
637
533
657
533
677
533
697
533
717
533
737
533
757
553
777
573
797
593
817
613
837
633
857
653
877
673
897
693
917
713
917
733
917
753
917
773
917
793
917
813
917
833
917
853
917
873
917
893
917
913
917
933
917
953
917
973
917
993
917
1013
917
1033
917
1053
917
1073
917
1093
917
1113
917
1133
917
1153
917
1173
917
1193
917
1213
917
1233
917
1253
917
1273
917
1293
917
1313
917
1333
917
1353
917
1373
917
1393
917
1413
917
1433
917
1453
917
1473
917
1493
917
1513
917
1533
917
1553
917
1573
917
1593
917
1613
917
1633
897
1653
877
1673
857
1693
837
1713
817
1733
797
1753
777
1773
757
1793
737
1813
717
1833
697
1853
677
1873
657
1893
637
1913
617
1933
597
1953
597
1973
597
1973
597
1973
597
1973
597
1973
597
1973
597
1973
597
1973
597
1973
597
1973
597
1973
597
1973
617
1973
637
1973
657
1973
677
1973
697
1973
717
1973
737
1973
757
1973
777
1973
777
1973
777
1973
777
1973
777
1973
777
1973
777
1973
777
1973
777
1953
777
1933
777
1913
777
1893
777
1873
777
1853
777
1833
777
1813
777
1793
777
1793
777
1793
777
1793
777
1793
777
1793
777
1793
777
1793
777
1793
777
1793
777
1793
777
1793
777
1793
777
1793
777
1793
777
1793
777
1793
777
1793
777
1793
777
1793
777
1793
777
1793
777
1793
777
1793
777
1793
777
1793
777
1793
777
1793
777
1793
777
1793
777
1793
777
1793
777
1793
777
1793
777
1793
777
1793
777
1793
777
1793
777
1793
777
1793
777
1793
777
1793
777
1793
777
1793
777
1793
777
1793
777
1793
777
1793
777
1793
777
1793
777
1793
777
1793
777
1793
777
1793
777
1793
777
1793
777
1793
777
1793
777
1793
777
1793
777
1793
777
1793
777
1793
777
1793
777
1793
797
1793
817
1793
837
1793
857
1793
877
1793
897
1793
917
1793
917
1793
917
1793
917
1793
917
1793
917
1793
917
1793
917
1793
917
1793
917
1793
917
1793
917
1793
917
1793
917
1793
917
1793
917
1793
917
1793
917
1793
917
1793
917
1793
917
1793
917
1793
917
1793
917
1793
917
1793
917
1793
917
1793
917
1793
917
1793
917
1793
917
1793
917
1793
917
1793
917
1793
917
1793
917
1793
917
1793
917
1793
917
1793
917
1793
917
1793
917
1793
917
1793
917
1793
917
1793
917
1793
917
1793
917
1793
917
1793
917
1793
917
1793
917
1793
917
1793
917
1793
917
1793
917
1793
917
1793
917
1793
917
1793
917
1793
917
1793
917
1793
917
1793
917
1793
917
1793
917
1793
917
1793
917
1793
917
1793
917
1793
917
1793
917
1793
917
1793
917
1793
917
1793
917
1793
917
1793
917
1793
917
1793
917
1793
917
1793
917
1793
917
1793
917
1793
917
1793
917
1793
917
1793
917
1793
917
1793
917
1793
917
1793
917
1793
917
1793
917
1793
917
1793
917
1793
917
1793
917
1793
917
1793
917
1793
917
1793
917
1793
917
1793
917
1793
917
1793
917
1793
917
1793
917
1793
917
1793
917
1793
917
1793
917
1793
917
1793
917
1793
917
1793
917
1793
917
